1001|13|1002 1006 |2002 |98.5|Nothing|2019-03-21T23:28:27.764449
1002|12|1003 1005 |2001 2002 |16.7|Nothing|2019-03-21T23:28:27.764449
1003|10|1005 |2003 |4.5|No|2019-03-22T01:06:12.984804
1004|10|1003 |2002 |20.0|No comment|2019-03-24T13:58:25.245686
1005|9|1002 1003 1004 |2001 2002 |49.0|No comment|2019-03-22T01:11:03.109460
1006|9|1002 1003 1004 |2001 2002 |19.0|No comment|2019-03-22T18:30:47.977081
1007|9|1003 1005 |2001 2003 |54.0|No comment|2019-03-22T19:12:57.745425
1008|9|1002 1005 |2001 2003 |54.0|No comment|2019-03-22T19:17:11.716469
1009|14|0 |2003 |20.0|No comment|2019-03-24T14:21:36.805946
1010|15|1001 |2001 |34.0|No comment|2019-03-24T13:27:18.872977
1011|16|1001 1002 1005 |0 |29.0|No comment|2019-03-24T13:37:51.384194
1012|18|1001 1002 1004 1005 |2001 2002 |59.0|No comment|2019-03-28T22:54:49.703210
