1001|1|13|1002 2001 |1002 |98.5|Nothing|2019-03-21T23:28:27.764449
1002|2|12|1001 1001 |1002 1003 |16.7|Nothing|2019-03-21T23:28:27.764449
1003|3|10|2001 |1003 |4.5|No|2019-03-22T01:06:12.984804
1004|4|10|3001 |1002 |20.0|No comment|2019-03-24T13:58:25.245686
1005|18|9|1001 1002 2001 |1002 |49.0|No comment|2019-03-22T01:11:03.109460
1006|17|9|1001 1002 2002 |1002 1003 |19.0|No comment|2019-03-22T18:30:47.977081
1007|12|9|2002 3001 |1002 1003 |54.0|No comment|2019-03-22T19:12:57.745425
1008|16|9|1002 2001 |1003 1005 |54.0|No comment|2019-03-22T19:17:11.716469
1009|13|14|0 |1003 |20.0|No comment|2019-03-24T14:21:36.805946
1010|15|15|1001 |1003 |34.0|No comment|2019-03-24T13:27:18.872977
1011|10|16|1001 1002 2002 |0 |29.0|No comment|2019-03-24T13:37:51.384194
1012|6|18|1001 1002 2002 3002 |1002 1005 |59.0|No comment|2019-03-28T22:54:49.703210
1013|18|13|1001 |1002 1005 |49.0|No comment|2019-03-28T23:17:21.565708
1014|13|1001|1001 |0 |12.0|No comment|2019-04-04T14:27:46.488043
1015|13|1001|1001 1001 |1002 |34.0|No comment|2019-04-04T16:08:22.750763
1016|13|1001|1001 1001 1001 1001 1001 1001 1001 1001 |1002 1002 1002 1002 |136.0|No comment|2019-04-04T16:09:29.584951
1017|12|1001|0 |1002 1003 1005 1005 1005 1005 1005 |180.0|No comment|2019-04-04T16:23:44.152108
